Begin: 20:45:49
End: 20:45:49
RIGHTS: 433
WRONGS: 67
ACC: 0.866
Time Elapsed: 73.86446237564087s
Begin: 20:55:47
End: 20:55:47
RIGHTS: 433
WRONGS: 67
ACC: 0.866
Time Elapsed: 69.7090175151825s
Begin: 22:24:29
End: 22:24:29
RIGHTS: 433
WRONGS: 67
ACC: 0.866
Time Elapsed: 71.22388052940369s
Begin: 23:47:11
End: 23:47:11
RIGHTS: 433
WRONGS: 67
ACC: 0.866
Time Elapsed: 69.9354932308197s
