Begin: 21:00:00
End: 21:00:00
RIGHTS: 433
WRONGS: 67
ACC: 0.866
Time Elapsed: 75.54447555541992s
Begin: 22:28:26
End: 22:28:26
RIGHTS: 433
WRONGS: 67
ACC: 0.866
Time Elapsed: 69.63567423820496s
Begin: 23:51:17
End: 23:51:17
RIGHTS: 433
WRONGS: 67
ACC: 0.866
Time Elapsed: 72.1285195350647s
