Begin: 20:58:32
End: 20:58:32
RIGHTS: 433
WRONGS: 67
ACC: 0.866
Time Elapsed: 69.95325326919556s
Begin: 22:27:08
End: 22:27:08
RIGHTS: 433
WRONGS: 67
ACC: 0.866
Time Elapsed: 73.42974925041199s
Begin: 23:49:57
End: 23:49:57
RIGHTS: 433
WRONGS: 67
ACC: 0.866
Time Elapsed: 74.53207111358643s
