Begin: 21:04:02
End: 21:04:02
RIGHTS: 433
WRONGS: 67
ACC: 0.866
Time Elapsed: 70.46609163284302s
Begin: 22:32:24
End: 22:32:24
RIGHTS: 433
WRONGS: 67
ACC: 0.866
Time Elapsed: 70.27491760253906s
Begin: 23:55:17
End: 23:55:17
RIGHTS: 433
WRONGS: 67
ACC: 0.866
Time Elapsed: 69.92094159126282s
