Begin: 21:01:20
End: 21:01:20
RIGHTS: 433
WRONGS: 67
ACC: 0.866
Time Elapsed: 71.22584319114685s
Begin: 22:29:49
End: 22:29:49
RIGHTS: 433
WRONGS: 67
ACC: 0.866
Time Elapsed: 73.96855568885803s
Begin: 23:52:40
End: 23:52:40
RIGHTS: 433
WRONGS: 67
ACC: 0.866
Time Elapsed: 75.02160096168518s
