Begin: 20:47:07
End: 20:47:07
RIGHTS: 433
WRONGS: 67
ACC: 0.866
Time Elapsed: 70.35309791564941s
Begin: 20:57:12
End: 20:57:12
RIGHTS: 433
WRONGS: 67
ACC: 0.866
Time Elapsed: 75.38598346710205s
Begin: 22:25:47
End: 22:25:47
RIGHTS: 433
WRONGS: 67
ACC: 0.866
Time Elapsed: 71.13232135772705s
Begin: 23:48:34
End: 23:48:34
RIGHTS: 433
WRONGS: 67
ACC: 0.866
Time Elapsed: 74.99551367759705s
