Begin: 21:05:24
End: 21:05:24
RIGHTS: 433
WRONGS: 67
ACC: 0.866
Time Elapsed: 71.50407814979553s
Begin: 22:33:46
End: 22:33:46
RIGHTS: 433
WRONGS: 67
ACC: 0.866
Time Elapsed: 73.93256616592407s
Begin: 23:56:39
End: 23:56:39
RIGHTS: 433
WRONGS: 67
ACC: 0.866
Time Elapsed: 74.16914105415344s
