Begin: 22:35:08
End: 22:35:08
RIGHTS: 433
WRONGS: 67
ACC: 0.866
Time Elapsed: 73.84745383262634s
Begin: 23:57:57
End: 23:57:57
RIGHTS: 433
WRONGS: 67
ACC: 0.866
Time Elapsed: 69.66179919242859s
