Begin: 21:02:41
End: 21:02:41
RIGHTS: 433
WRONGS: 67
ACC: 0.866
Time Elapsed: 70.57129907608032s
Begin: 22:31:06
End: 22:31:06
RIGHTS: 433
WRONGS: 67
ACC: 0.866
Time Elapsed: 69.71528148651123s
Begin: 23:54:00
End: 23:54:00
RIGHTS: 433
WRONGS: 67
ACC: 0.866
Time Elapsed: 71.6649398803711s
