Begin: 20:44:27
End: 20:44:27
RIGHTS: 433
WRONGS: 67
ACC: 0.866
Time Elapsed: 74.39544725418091s
Begin: 20:54:28
End: 20:54:28
RIGHTS: 433
WRONGS: 67
ACC: 0.866
Time Elapsed: 71.16009545326233s
Begin: 22:23:09
End: 22:23:09
RIGHTS: 433
WRONGS: 67
ACC: 0.866
Time Elapsed: 69.4506688117981s
Begin: 23:45:54
End: 23:45:54
RIGHTS: 433
WRONGS: 67
ACC: 0.866
Time Elapsed: 75.48310422897339s
