RIGHTS: 625
RIGHTS: 625
WRONGS: 106
ACC: 0.8549931600547196
RIGHTS: 6250
WRONGS: 1060
ACC: 0.8549931600547196
Begin: 00:46:21
End: 00:46:21
RIGHTS: 433
WRONGS: 67
ACC: 0.866
Time Elapsed: 69.50270748138428s
